443443439443537439533538537440533537537537443538
533537439533439439439440439538444443439443534440
439443439443443439537534533538538443533537534444
439439443439533537537440537444444439440440534440
533537443537443439533444439444444444443444533534
533443533439439533439538533444440443538534538533
533439537533439537537440443534534444443440537443
443439533439443533439534537439440443533537443439
537439533537537533533444443440533443538534444537
537533533537533537443440439538538440443538533444
443439443439537537443534533534534533538440533534
443533537439439443533538533534534533533443538439
533439537443443533537534439440444533533538533444
443537533533443533537440439538444534533439538439
439439537533533443533538439443440533537439439537
533537439439537439533534537533444444443439440439
533443439439443443443534537537534538533440444439
439443533443537439443538533443538444533538440440
533443439439439443537440537533440440444533439534
443533537443439533439538439537538533533443537533
439439443533533443537538537439534440533444439538
533533537443439533533440537439534440533534444439
533537443533537439439534537439440444537440533440
533439537443533537533444439537440534439534443533
439443439533443443439534439537534443537439537439
533537439537443439533534439537538440444537439440
439439537443537439537440537533440444534439439533
537439443443537439439440533537534534537534440534
533537533443443537443444439443534538534533443533
439537533443443443533444443439538443443537533439
537439443533439439439440439537444444443439439439
533533533537439533533534537439534444537537538444
439537537443439533537444443439534444537538533537
443443439443537537533534443533534440444537537537
533443443533537537443534533439533537534538443440
443443537439537537537440537537439533534533534439
443533533439443533439444443538443533538538444439
537537439533533443439538537538538537533533439538
439533537439443443443440439440534439440444443538
443537439443537439439538533538538439537538537534
439443537533533443443534533439538533533439533537
533443443443443439537444533444537538439439537443
533439537443537443537444443440538538537537534537
443443443439537443537534439444534439443533443440
537439443537537443533440533444444538537538537439
439443439443439439537440439534444439534443443439
533537537533443533533440443534440443533537443534
443439537439443533533538443534538533440440439444
533533533443533537537444443443444537443533533537
533439439443443443533534443440439444443439538537
537439443443443537533440439538534537533439537538
439439537537443443439534439444440443444538534538
533537443443439533533444537443439439538534443538
439533443443533443537538443537537439534443534443
443533439533537439537538533444533533538444533533
439537533533533533443538443440440537439533443534
533533533443533533439444537534534534537537444444
439533443439537439533534537538538534443534537443
443439439443533533537538439533534533439533443533
443533537439443537439444439439440440443439444534
443533439439533533439534443439534537533537439533
439537439533533443443444443538538533534538439440
533439533439533537533444443440444537440440538538
443533537439439439439534439538534537444440538439
537443533443439537537440439440440444443538537439
533439533537439537439440439534534537534533537443
533443533439537439443534537440534440533533440440
443537439537537537443444537443440443533533443439
443533533443537443533538443440443534439444439439
439439443533443439537444537538534538537533440443
439537439533533537439444443534534533533439439538
439439537537537439533440439534444533538534440439
537443537439537439533534537444534534443533444538
443439533533443537443538537440444443533533533444
443439443533439439533444537538440533443537444440
537537439443443533439534439534534538533440443533
533439537439439533533538537444538533444533533444
439537533443537443443534443534534533440440534538
439439537443533533439440537538534439538538534533
533443439439533443533440533537533443538538439440
439439443537439537443534537537439443534439444439
537533443443537439439440533537443537444444537440
439443537443537439443444533439537537440537444533
533443439439443443537440537444443443444440440533
537537439533533439443444537440534443538440534534
443443537537533533439444537439444533534538444439
537443537439537439533440443533444439439439537443
533439537533537443533538533444440537538440538538
443439439439443537443444533444440533443444444537
533439439533537443439440439439444537439533439443
537537439439443537537440533534537538533444537533
439439443443443439533534537440440440533439534537
533439533537537533537444439534534439439443439444
443537537439443443537538537440538443440538534439
439533533443443533439444439538440534439537538534
439537533443537443533538443538538533537439439538
533443439537439533443444533538444533443537440444
533443443533443443439534537440440534439538443443
439537439533443537443444533538538537534443533534
533533443537439533533534537534538443444538444440
439533443439537537439444537538440443440538538443
443537439439439537439444533538534440443533440440
439439443443533537439534443533440533533443537443
533537443537533439533538443533444538537443534444
439439537533443533533440537537537533534444537444
439533537443533537533538439537533537444443444533
443443533443537439537440443443533439440440443440
443537533533443443533440443537537537440439440537
443533439443439533533444439538538538533444533533
439439439443533439439538533538440444537533440439
533533537533537537439534439440534443537439443440
439443533439537537443538439538444537538440534537
439537443443537533439440533440538440537443440444
439537533533439439443440537440538443533439533538
443537443537537439443538439440534533443533440534
443439439533533533537538533444440534443534537443
439533439537443537537444533534444533444533537444
537533533439533533443444537534534443538534444534
533443537439537443533444533538444533534440534443
443533537533537537439444439534537440444444538534
537443537537533439443444443440444439534533533534
443537443537533533533534533534534537443440439533
533533443533537443533538443443444439533443533439
439537537537443533533538533443443533534537439440
533439533439439443439534533444538533444440439440
537439439439443533537534533538444439533534439534
439439439443533537439534533440538538443537444440
439537443533443533537538537534534538439533444444
443533537443533443439538443444440537439443443444
537439439443443533443534537534444537439534440538
533439537537439439443538443538534443439538537538
537537537439439439537444439537538533537439443439
443533439439439537439444439443443533444443537440
533537439443537443443440533533443533444443533534
439533537443443439537538439440444439439439533440
443533443533537439443444537444444537444534533534
537443533443443439443534537444440443440538534444
533537537443533537439534533534444444443534439538
443537537443533439439538443444444439538444538537
443537533443443533443538439534534440439538439443
537533533443443439537444537439444533537537537439
443439439443443537533534537439537533440439439444
533443439443533443537538537538534439537444533533
439537537443443439533440443440440533443439533440
537439533439533537533440439444538538533440537443
537537537443537439439444537444444439439538533444
537533439439439439537538443537439533538444443440
443533537443533533537440537439443537444439534439
537533537443537439533440439537440538443537443538
439537443443537537439534533537440440439439537537
443537537443533537443444537443538538533533439439
439443533537439443439538439537534534443537533533
533537443439533443533440533439444440537537533533
533537439537443443537538533439440534439533443439
439439439443537537443444533533538538533537533534
439439533537533439439538533439537533444533537440
537439439439443439533538439443443537534533533534
439533439439537533537444439538538537439534537538
443533537533439439439444443440444537538538443439
443537439533443443537534439440440439537534439534
443533439443439537443534443534534439533537534444
533439443537443439443538537440538534537534443533
439537443533439537439534439538444534537533440533
439443533439443443533534439444440443444533439440
537533439443439439439444439444444537439439538534
443533533533537439443538443534440533444439439534
443533533537439439533538443534538444537440533533
537443439439439537533534533444444538440439537440
533537537537533443537444537443439537444439439538
439533537537439537439534439533443533538443439538
537439533537443537443538533443444444533534443538
439439439537443533439534533537534440443537537533
537533439533443443533440537533534538533537443439
537439439439443443439444537443444534443533533439
443443533439533443533534537533537439440443443538
443443537537439443439534533439443533538533443444
533533439533443439443538533537534534533443443440
537439439439443443443440537443444444533443533443
443537439537443439537440439537538537439533533439
439439439537537439537440533444534537440534440534
443439439439443439537538443444538443443439440444
533443439537443443439534537440534534439440533537
443439439443533533443538537443440533537443533439
439443537537533439439534443533440538537537538439
439537533439533533439440533439440534439533533533
443439533439537443443538533537538444439533534537
533537537443439439439534443439440538537443534439
443533439537533537443538533537533537538534443444
443537443443533443439440439443533443444533440439
443443439537537443537534443537538534439537443444
533537443443443537439538443537534534439443537533
443439533443537533537440533439440538443533533439
533537537537439439443538533533440538439443533533
537537443439439443533440533533538444439439533537
533537537439533443443538439439534440533533444439
439533537439537443439538533439534534533443534444
439537537443533439533440537533533537444439537538
439537537533537537533440439537533533444537533444
533443537533537439439538533534538534444439538443
537533443533537443537440443534444439538440440538
443537537537443533443534533538444443534444443440
533439537439443443537440443444538537537533443444
537533537537443537533444533538440440533534537443
537443537537537537439538537538538439534534440534
533533443439439533439534439439439439538443533444
443439537537537533443444443537439533440443533538
533439439443439537439440537439444444537533440538
537537443533443443443534439443444440533443533533
439439439533443439439538533439538444537443443439
439537443533439537443538537533439537440533533534
439533439533533439443534533443537443538533537538
443533439443533537533538537537534444443537443534
439537537443533533439538537443440440443439443534
443443443443443537533538537439538439537537533533
537533537439443537439444439440444533444538444443
443537439533443537443534439440534533444534538440
439533439439537443439534537538440534537444538537
443533533443439533533538533537440533443533443533
443443439533533533537440537533444440443537440443
533533439443533439443538533533444444533443443439
537537533439537443533534533443440538439533538439
439439537443537439533444533443534534439533444533
533443537439439537537440533443533443534534537538
533537537439533439533534443537537443444533534439
443533443533439439533440439537534534439439533444
537443537537443537443444439533538444443443443443
439533537439537537443534439439538440439439537537
439439443443443443533440439537538440439439533439
537443443537537537439440443537444538439537444439
533443533443443533439534537537444440533440439534
439537537533443533533534439533538444443538533537
533443537439443533439538443439533443444533537534
533533537533537439443538533537533533444537443538
443443439537443537537538533534538533439439440439
533533439439533439537440537534538533533537444533
443537439533537537439538439538534444439533439534
533537443439533439533440537444538443440534538439
443537533533533443443534533444440443439537537534
533439533533443537533538533534440534533538443443
537537533443533439533538439534444537444439533444
443443537533533533537440439444440537534444444440
439439537439537443443440537440538533538440440533
533443439533443533443444533439537443538443537538
443537533533443439439534537443443537534439443444
439537443439439533533534443533440534443443533538
533439439443537443439440439533538444439439439443
439533533533533439533534537439538440537439439537
443533443533537439443440533537444538533537443537
443443533533537439537538537533440534537443443537
439533439533439537537440443443538534439443439443
537533533537443533443444439439533439534439533440
533443533439537443533440537443534534537537439538
537439537439533537533538537537440538443443444439
439439443533443533533538443439538533537443537533
443533439443439537439440533538440537534538538537
443439533533439533537534533534440537538534440444
439533533533439533439534537444534440533444538533
439533533439537443439444533443534533443533537537
439439443443533443439538533443440440443537440537
439533439439533537439538443439534538537533439537
439443439443533439533538533533538534533533440439
439533533537533443443538537443440444439439444439
